[gd_scene load_steps=7 format=2]

[ext_resource path="res://Textures/LOW_RES.png" type="Texture" id=1]
[ext_resource path="res://Models/Ruedín_LowPoly.obj" type="ArrayMesh" id=2]

[sub_resource type="SpatialMaterial" id=1]
params_diffuse_mode = 1
albedo_texture = ExtResource( 1 )

[sub_resource type="SpatialMaterial" id=2]
params_diffuse_mode = 1
albedo_texture = ExtResource( 1 )

[sub_resource type="SpatialMaterial" id=3]
params_diffuse_mode = 1
albedo_texture = ExtResource( 1 )

[sub_resource type="SpatialMaterial" id=4]
params_diffuse_mode = 1
albedo_texture = ExtResource( 1 )

[node name="Player" type="Spatial"]
transform = Transform( 0.697578, 0, -0.716509, 0, 1, 0, 0.716509, 0, 0.697578, 0, 0, 0 )

[node name="Ruedín_LowPoly" type="MeshInstance" parent="."]
transform = Transform( 0.565831, 0, 0.824521, 0, 1, 0, -0.824521, 0, 0.565831, 0.375656, 0, -0.385851 )
mesh = ExtResource( 2 )
material/0 = SubResource( 1 )
material/1 = SubResource( 2 )
material/2 = SubResource( 3 )
material/3 = SubResource( 4 )

[node name="DirectionalLight" type="DirectionalLight" parent="."]
transform = Transform( 0.600327, 0.383451, 0.701836, -0.655613, -0.266622, 0.706459, 0.458018, -0.884238, 0.0913351, -2.94072, 0, 3.02052 )
