[gd_scene load_steps=9 format=2]

[ext_resource path="res://Textures/LOW_RES.png" type="Texture" id=1]
[ext_resource path="res://Models/Ruedin_LowPoly.obj" type="ArrayMesh" id=2]

[sub_resource type="CylinderShape" id=1]
radius = 1.47731
height = 1.30221

[sub_resource type="CylinderShape" id=6]
radius = 0.700293
height = 1.62728

[sub_resource type="SpatialMaterial" id=2]
params_diffuse_mode = 1
albedo_texture = ExtResource( 1 )

[sub_resource type="SpatialMaterial" id=3]
params_diffuse_mode = 1
albedo_texture = ExtResource( 1 )

[sub_resource type="SpatialMaterial" id=4]
params_diffuse_mode = 1
albedo_texture = ExtResource( 1 )

[sub_resource type="SpatialMaterial" id=5]
params_diffuse_mode = 1
albedo_texture = ExtResource( 1 )

[node name="KinematicBody" type="KinematicBody"]

[node name="CollisionWheel" type="CollisionShape" parent="."]
transform = Transform( 1.78122e-07, 1, -3.25487e-07, 0.998911, -1.62743e-07, 0.0466532, 0.0466532, -3.33442e-07, -0.998911, 0.0205965, -1.09163, 0 )
shape = SubResource( 1 )

[node name="CollisionHead" type="CollisionShape" parent="CollisionWheel"]
transform = Transform( 0.0145747, 0.998805, 0.0466532, 0.999894, -0.0145906, -3.33443e-07, 0.000680364, 0.0466483, -0.998911, 2.84061, -0.020597, 0.132668 )
shape = SubResource( 6 )

[node name="MeshInstance" type="MeshInstance" parent="CollisionWheel"]
transform = Transform( 1.78122e-07, 0.998911, 0.0466532, 1, -1.62743e-07, -3.33442e-07, -3.25487e-07, 0.0466532, -0.998911, 1.09045, -0.0205967, 0.0509282 )
mesh = ExtResource( 2 )
material/0 = SubResource( 2 )
material/1 = SubResource( 3 )
material/2 = SubResource( 4 )
material/3 = SubResource( 5 )
